# queens graph coloring problem (n=12, colors=d=12)
domain 12
domain 1 1 0
domain 2 2 0
domain 3 3 0
domain 4 4 0
domain 5 5 0
domain 6 6 0
domain 7 7 0
domain 8 8 0
domain 9 9 0
domain 10 10 0
domain 11 11 0
domain 12 12 0
alldifferent 1 2 3 4 5 6 7 8 9 10 11 12 0
alldifferent 13 14 15 16 17 18 19 20 21 22 23 24 0
alldifferent 25 26 27 28 29 30 31 32 33 34 35 36 0
alldifferent 37 38 39 40 41 42 43 44 45 46 47 48 0
alldifferent 49 50 51 52 53 54 55 56 57 58 59 60 0
alldifferent 61 62 63 64 65 66 67 68 69 70 71 72 0
alldifferent 73 74 75 76 77 78 79 80 81 82 83 84 0
alldifferent 85 86 87 88 89 90 91 92 93 94 95 96 0
alldifferent 97 98 99 100 101 102 103 104 105 106 107 108 0
alldifferent 109 110 111 112 113 114 115 116 117 118 119 120 0
alldifferent 121 122 123 124 125 126 127 128 129 130 131 132 0
alldifferent 133 134 135 136 137 138 139 140 141 142 143 144 0
alldifferent 1 13 25 37 49 61 73 85 97 109 121 133 0
alldifferent 2 14 26 38 50 62 74 86 98 110 122 134 0
alldifferent 3 15 27 39 51 63 75 87 99 111 123 135 0
alldifferent 4 16 28 40 52 64 76 88 100 112 124 136 0
alldifferent 5 17 29 41 53 65 77 89 101 113 125 137 0
alldifferent 6 18 30 42 54 66 78 90 102 114 126 138 0
alldifferent 7 19 31 43 55 67 79 91 103 115 127 139 0
alldifferent 8 20 32 44 56 68 80 92 104 116 128 140 0
alldifferent 9 21 33 45 57 69 81 93 105 117 129 141 0
alldifferent 10 22 34 46 58 70 82 94 106 118 130 142 0
alldifferent 11 23 35 47 59 71 83 95 107 119 131 143 0
alldifferent 12 24 36 48 60 72 84 96 108 120 132 144 0
alldifferent 11 24 0
alldifferent 10 23 36 0
alldifferent 9 22 35 48 0
alldifferent 8 21 34 47 60 0
alldifferent 7 20 33 46 59 72 0
alldifferent 6 19 32 45 58 71 84 0
alldifferent 5 18 31 44 57 70 83 96 0
alldifferent 4 17 30 43 56 69 82 95 108 0
alldifferent 3 16 29 42 55 68 81 94 107 120 0
alldifferent 2 15 28 41 54 67 80 93 106 119 132 0
alldifferent 1 14 27 40 53 66 79 92 105 118 131 144 0
alldifferent 13 26 39 52 65 78 91 104 117 130 143 0
alldifferent 25 38 51 64 77 90 103 116 129 142 0
alldifferent 37 50 63 76 89 102 115 128 141 0
alldifferent 49 62 75 88 101 114 127 140 0
alldifferent 61 74 87 100 113 126 139 0
alldifferent 73 86 99 112 125 138 0
alldifferent 85 98 111 124 137 0
alldifferent 97 110 123 136 0
alldifferent 109 122 135 0
alldifferent 121 134 0
alldifferent 2 13 0
alldifferent 3 14 25 0
alldifferent 4 15 26 37 0
alldifferent 5 16 27 38 49 0
alldifferent 6 17 28 39 50 61 0
alldifferent 7 18 29 40 51 62 73 0
alldifferent 8 19 30 41 52 63 74 85 0
alldifferent 9 20 31 42 53 64 75 86 97 0
alldifferent 10 21 32 43 54 65 76 87 98 109 0
alldifferent 11 22 33 44 55 66 77 88 99 110 121 0
alldifferent 12 23 34 45 56 67 78 89 100 111 122 133 0
alldifferent 24 35 46 57 68 79 90 101 112 123 134 0
alldifferent 36 47 58 69 80 91 102 113 124 135 0
alldifferent 48 59 70 81 92 103 114 125 136 0
alldifferent 60 71 82 93 104 115 126 137 0
alldifferent 72 83 94 105 116 127 138 0
alldifferent 84 95 106 117 128 139 0
alldifferent 96 107 118 129 140 0
alldifferent 108 119 130 141 0
alldifferent 120 131 142 0
alldifferent 132 143 0
# --- Constraints End ---
