# pan-Latin square problem (n=15)
domain 15
alldifferent 1 2 3 4 5 6 7 8 9 10 11 12 13 14 15 0
alldifferent 16 17 18 19 20 21 22 23 24 25 26 27 28 29 30 0
alldifferent 31 32 33 34 35 36 37 38 39 40 41 42 43 44 45 0
alldifferent 46 47 48 49 50 51 52 53 54 55 56 57 58 59 60 0
alldifferent 61 62 63 64 65 66 67 68 69 70 71 72 73 74 75 0
alldifferent 76 77 78 79 80 81 82 83 84 85 86 87 88 89 90 0
alldifferent 91 92 93 94 95 96 97 98 99 100 101 102 103 104 105 0
alldifferent 106 107 108 109 110 111 112 113 114 115 116 117 118 119 120 0
alldifferent 121 122 123 124 125 126 127 128 129 130 131 132 133 134 135 0
alldifferent 136 137 138 139 140 141 142 143 144 145 146 147 148 149 150 0
alldifferent 151 152 153 154 155 156 157 158 159 160 161 162 163 164 165 0
alldifferent 166 167 168 169 170 171 172 173 174 175 176 177 178 179 180 0
alldifferent 181 182 183 184 185 186 187 188 189 190 191 192 193 194 195 0
alldifferent 196 197 198 199 200 201 202 203 204 205 206 207 208 209 210 0
alldifferent 211 212 213 214 215 216 217 218 219 220 221 222 223 224 225 0
alldifferent 1 16 31 46 61 76 91 106 121 136 151 166 181 196 211 0
alldifferent 2 17 32 47 62 77 92 107 122 137 152 167 182 197 212 0
alldifferent 3 18 33 48 63 78 93 108 123 138 153 168 183 198 213 0
alldifferent 4 19 34 49 64 79 94 109 124 139 154 169 184 199 214 0
alldifferent 5 20 35 50 65 80 95 110 125 140 155 170 185 200 215 0
alldifferent 6 21 36 51 66 81 96 111 126 141 156 171 186 201 216 0
alldifferent 7 22 37 52 67 82 97 112 127 142 157 172 187 202 217 0
alldifferent 8 23 38 53 68 83 98 113 128 143 158 173 188 203 218 0
alldifferent 9 24 39 54 69 84 99 114 129 144 159 174 189 204 219 0
alldifferent 10 25 40 55 70 85 100 115 130 145 160 175 190 205 220 0
alldifferent 11 26 41 56 71 86 101 116 131 146 161 176 191 206 221 0
alldifferent 12 27 42 57 72 87 102 117 132 147 162 177 192 207 222 0
alldifferent 13 28 43 58 73 88 103 118 133 148 163 178 193 208 223 0
alldifferent 14 29 44 59 74 89 104 119 134 149 164 179 194 209 224 0
alldifferent 15 30 45 60 75 90 105 120 135 150 165 180 195 210 225 0
alldifferent 1 17 33 49 65 81 97 113 129 145 161 177 193 209 225 0
alldifferent 2 18 34 50 66 82 98 114 130 146 162 178 194 210 211 0
alldifferent 3 19 35 51 67 83 99 115 131 147 163 179 195 196 212 0
alldifferent 4 20 36 52 68 84 100 116 132 148 164 180 181 197 213 0
alldifferent 5 21 37 53 69 85 101 117 133 149 165 166 182 198 214 0
alldifferent 6 22 38 54 70 86 102 118 134 150 151 167 183 199 215 0
alldifferent 7 23 39 55 71 87 103 119 135 136 152 168 184 200 216 0
alldifferent 8 24 40 56 72 88 104 120 121 137 153 169 185 201 217 0
alldifferent 9 25 41 57 73 89 105 106 122 138 154 170 186 202 218 0
alldifferent 10 26 42 58 74 90 91 107 123 139 155 171 187 203 219 0
alldifferent 11 27 43 59 75 76 92 108 124 140 156 172 188 204 220 0
alldifferent 12 28 44 60 61 77 93 109 125 141 157 173 189 205 221 0
alldifferent 13 29 45 46 62 78 94 110 126 142 158 174 190 206 222 0
alldifferent 14 30 31 47 63 79 95 111 127 143 159 175 191 207 223 0
alldifferent 15 16 32 48 64 80 96 112 128 144 160 176 192 208 224 0
alldifferent 1 30 44 58 72 86 100 114 128 142 156 170 184 198 212 0
alldifferent 2 16 45 59 73 87 101 115 129 143 157 171 185 199 213 0
alldifferent 3 17 31 60 74 88 102 116 130 144 158 172 186 200 214 0
alldifferent 4 18 32 46 75 89 103 117 131 145 159 173 187 201 215 0
alldifferent 5 19 33 47 61 90 104 118 132 146 160 174 188 202 216 0
alldifferent 6 20 34 48 62 76 105 119 133 147 161 175 189 203 217 0
alldifferent 7 21 35 49 63 77 91 120 134 148 162 176 190 204 218 0
alldifferent 8 22 36 50 64 78 92 106 135 149 163 177 191 205 219 0
alldifferent 9 23 37 51 65 79 93 107 121 150 164 178 192 206 220 0
alldifferent 10 24 38 52 66 80 94 108 122 136 165 179 193 207 221 0
alldifferent 11 25 39 53 67 81 95 109 123 137 151 180 194 208 222 0
alldifferent 12 26 40 54 68 82 96 110 124 138 152 166 195 209 223 0
alldifferent 13 27 41 55 69 83 97 111 125 139 153 167 181 210 224 0
alldifferent 14 28 42 56 70 84 98 112 126 140 154 168 182 196 225 0
alldifferent 15 29 43 57 71 85 99 113 127 141 155 169 183 197 211 0
# --- Constraints End ---
