# pan-Latin square problem (n=18)
domain 18
alldifferent 1 2 3 4 5 6 7 8 9 10 11 12 13 14 15 16 17 18 0
alldifferent 19 20 21 22 23 24 25 26 27 28 29 30 31 32 33 34 35 36 0
alldifferent 37 38 39 40 41 42 43 44 45 46 47 48 49 50 51 52 53 54 0
alldifferent 55 56 57 58 59 60 61 62 63 64 65 66 67 68 69 70 71 72 0
alldifferent 73 74 75 76 77 78 79 80 81 82 83 84 85 86 87 88 89 90 0
alldifferent 91 92 93 94 95 96 97 98 99 100 101 102 103 104 105 106 107 108 0
alldifferent 109 110 111 112 113 114 115 116 117 118 119 120 121 122 123 124 125 126 0
alldifferent 127 128 129 130 131 132 133 134 135 136 137 138 139 140 141 142 143 144 0
alldifferent 145 146 147 148 149 150 151 152 153 154 155 156 157 158 159 160 161 162 0
alldifferent 163 164 165 166 167 168 169 170 171 172 173 174 175 176 177 178 179 180 0
alldifferent 181 182 183 184 185 186 187 188 189 190 191 192 193 194 195 196 197 198 0
alldifferent 199 200 201 202 203 204 205 206 207 208 209 210 211 212 213 214 215 216 0
alldifferent 217 218 219 220 221 222 223 224 225 226 227 228 229 230 231 232 233 234 0
alldifferent 235 236 237 238 239 240 241 242 243 244 245 246 247 248 249 250 251 252 0
alldifferent 253 254 255 256 257 258 259 260 261 262 263 264 265 266 267 268 269 270 0
alldifferent 271 272 273 274 275 276 277 278 279 280 281 282 283 284 285 286 287 288 0
alldifferent 289 290 291 292 293 294 295 296 297 298 299 300 301 302 303 304 305 306 0
alldifferent 307 308 309 310 311 312 313 314 315 316 317 318 319 320 321 322 323 324 0
alldifferent 1 19 37 55 73 91 109 127 145 163 181 199 217 235 253 271 289 307 0
alldifferent 2 20 38 56 74 92 110 128 146 164 182 200 218 236 254 272 290 308 0
alldifferent 3 21 39 57 75 93 111 129 147 165 183 201 219 237 255 273 291 309 0
alldifferent 4 22 40 58 76 94 112 130 148 166 184 202 220 238 256 274 292 310 0
alldifferent 5 23 41 59 77 95 113 131 149 167 185 203 221 239 257 275 293 311 0
alldifferent 6 24 42 60 78 96 114 132 150 168 186 204 222 240 258 276 294 312 0
alldifferent 7 25 43 61 79 97 115 133 151 169 187 205 223 241 259 277 295 313 0
alldifferent 8 26 44 62 80 98 116 134 152 170 188 206 224 242 260 278 296 314 0
alldifferent 9 27 45 63 81 99 117 135 153 171 189 207 225 243 261 279 297 315 0
alldifferent 10 28 46 64 82 100 118 136 154 172 190 208 226 244 262 280 298 316 0
alldifferent 11 29 47 65 83 101 119 137 155 173 191 209 227 245 263 281 299 317 0
alldifferent 12 30 48 66 84 102 120 138 156 174 192 210 228 246 264 282 300 318 0
alldifferent 13 31 49 67 85 103 121 139 157 175 193 211 229 247 265 283 301 319 0
alldifferent 14 32 50 68 86 104 122 140 158 176 194 212 230 248 266 284 302 320 0
alldifferent 15 33 51 69 87 105 123 141 159 177 195 213 231 249 267 285 303 321 0
alldifferent 16 34 52 70 88 106 124 142 160 178 196 214 232 250 268 286 304 322 0
alldifferent 17 35 53 71 89 107 125 143 161 179 197 215 233 251 269 287 305 323 0
alldifferent 18 36 54 72 90 108 126 144 162 180 198 216 234 252 270 288 306 324 0
alldifferent 1 20 39 58 77 96 115 134 153 172 191 210 229 248 267 286 305 324 0
alldifferent 2 21 40 59 78 97 116 135 154 173 192 211 230 249 268 287 306 307 0
alldifferent 3 22 41 60 79 98 117 136 155 174 193 212 231 250 269 288 289 308 0
alldifferent 4 23 42 61 80 99 118 137 156 175 194 213 232 251 270 271 290 309 0
alldifferent 5 24 43 62 81 100 119 138 157 176 195 214 233 252 253 272 291 310 0
alldifferent 6 25 44 63 82 101 120 139 158 177 196 215 234 235 254 273 292 311 0
alldifferent 7 26 45 64 83 102 121 140 159 178 197 216 217 236 255 274 293 312 0
alldifferent 8 27 46 65 84 103 122 141 160 179 198 199 218 237 256 275 294 313 0
alldifferent 9 28 47 66 85 104 123 142 161 180 181 200 219 238 257 276 295 314 0
alldifferent 10 29 48 67 86 105 124 143 162 163 182 201 220 239 258 277 296 315 0
alldifferent 11 30 49 68 87 106 125 144 145 164 183 202 221 240 259 278 297 316 0
alldifferent 12 31 50 69 88 107 126 127 146 165 184 203 222 241 260 279 298 317 0
alldifferent 13 32 51 70 89 108 109 128 147 166 185 204 223 242 261 280 299 318 0
alldifferent 14 33 52 71 90 91 110 129 148 167 186 205 224 243 262 281 300 319 0
alldifferent 15 34 53 72 73 92 111 130 149 168 187 206 225 244 263 282 301 320 0
alldifferent 16 35 54 55 74 93 112 131 150 169 188 207 226 245 264 283 302 321 0
alldifferent 17 36 37 56 75 94 113 132 151 170 189 208 227 246 265 284 303 322 0
alldifferent 18 19 38 57 76 95 114 133 152 171 190 209 228 247 266 285 304 323 0
alldifferent 1 36 53 70 87 104 121 138 155 172 189 206 223 240 257 274 291 308 0
alldifferent 2 19 54 71 88 105 122 139 156 173 190 207 224 241 258 275 292 309 0
alldifferent 3 20 37 72 89 106 123 140 157 174 191 208 225 242 259 276 293 310 0
alldifferent 4 21 38 55 90 107 124 141 158 175 192 209 226 243 260 277 294 311 0
alldifferent 5 22 39 56 73 108 125 142 159 176 193 210 227 244 261 278 295 312 0
alldifferent 6 23 40 57 74 91 126 143 160 177 194 211 228 245 262 279 296 313 0
alldifferent 7 24 41 58 75 92 109 144 161 178 195 212 229 246 263 280 297 314 0
alldifferent 8 25 42 59 76 93 110 127 162 179 196 213 230 247 264 281 298 315 0
alldifferent 9 26 43 60 77 94 111 128 145 180 197 214 231 248 265 282 299 316 0
alldifferent 10 27 44 61 78 95 112 129 146 163 198 215 232 249 266 283 300 317 0
alldifferent 11 28 45 62 79 96 113 130 147 164 181 216 233 250 267 284 301 318 0
alldifferent 12 29 46 63 80 97 114 131 148 165 182 199 234 251 268 285 302 319 0
alldifferent 13 30 47 64 81 98 115 132 149 166 183 200 217 252 269 286 303 320 0
alldifferent 14 31 48 65 82 99 116 133 150 167 184 201 218 235 270 287 304 321 0
alldifferent 15 32 49 66 83 100 117 134 151 168 185 202 219 236 253 288 305 322 0
alldifferent 16 33 50 67 84 101 118 135 152 169 186 203 220 237 254 271 306 323 0
alldifferent 17 34 51 68 85 102 119 136 153 170 187 204 221 238 255 272 289 324 0
alldifferent 18 35 52 69 86 103 120 137 154 171 188 205 222 239 256 273 290 307 0
# --- Constraints End ---
