# pan-Latin square problem (n=16)
domain 16
alldifferent 1 2 3 4 5 6 7 8 9 10 11 12 13 14 15 16 0
alldifferent 17 18 19 20 21 22 23 24 25 26 27 28 29 30 31 32 0
alldifferent 33 34 35 36 37 38 39 40 41 42 43 44 45 46 47 48 0
alldifferent 49 50 51 52 53 54 55 56 57 58 59 60 61 62 63 64 0
alldifferent 65 66 67 68 69 70 71 72 73 74 75 76 77 78 79 80 0
alldifferent 81 82 83 84 85 86 87 88 89 90 91 92 93 94 95 96 0
alldifferent 97 98 99 100 101 102 103 104 105 106 107 108 109 110 111 112 0
alldifferent 113 114 115 116 117 118 119 120 121 122 123 124 125 126 127 128 0
alldifferent 129 130 131 132 133 134 135 136 137 138 139 140 141 142 143 144 0
alldifferent 145 146 147 148 149 150 151 152 153 154 155 156 157 158 159 160 0
alldifferent 161 162 163 164 165 166 167 168 169 170 171 172 173 174 175 176 0
alldifferent 177 178 179 180 181 182 183 184 185 186 187 188 189 190 191 192 0
alldifferent 193 194 195 196 197 198 199 200 201 202 203 204 205 206 207 208 0
alldifferent 209 210 211 212 213 214 215 216 217 218 219 220 221 222 223 224 0
alldifferent 225 226 227 228 229 230 231 232 233 234 235 236 237 238 239 240 0
alldifferent 241 242 243 244 245 246 247 248 249 250 251 252 253 254 255 256 0
alldifferent 1 17 33 49 65 81 97 113 129 145 161 177 193 209 225 241 0
alldifferent 2 18 34 50 66 82 98 114 130 146 162 178 194 210 226 242 0
alldifferent 3 19 35 51 67 83 99 115 131 147 163 179 195 211 227 243 0
alldifferent 4 20 36 52 68 84 100 116 132 148 164 180 196 212 228 244 0
alldifferent 5 21 37 53 69 85 101 117 133 149 165 181 197 213 229 245 0
alldifferent 6 22 38 54 70 86 102 118 134 150 166 182 198 214 230 246 0
alldifferent 7 23 39 55 71 87 103 119 135 151 167 183 199 215 231 247 0
alldifferent 8 24 40 56 72 88 104 120 136 152 168 184 200 216 232 248 0
alldifferent 9 25 41 57 73 89 105 121 137 153 169 185 201 217 233 249 0
alldifferent 10 26 42 58 74 90 106 122 138 154 170 186 202 218 234 250 0
alldifferent 11 27 43 59 75 91 107 123 139 155 171 187 203 219 235 251 0
alldifferent 12 28 44 60 76 92 108 124 140 156 172 188 204 220 236 252 0
alldifferent 13 29 45 61 77 93 109 125 141 157 173 189 205 221 237 253 0
alldifferent 14 30 46 62 78 94 110 126 142 158 174 190 206 222 238 254 0
alldifferent 15 31 47 63 79 95 111 127 143 159 175 191 207 223 239 255 0
alldifferent 16 32 48 64 80 96 112 128 144 160 176 192 208 224 240 256 0
alldifferent 1 18 35 52 69 86 103 120 137 154 171 188 205 222 239 256 0
alldifferent 2 19 36 53 70 87 104 121 138 155 172 189 206 223 240 241 0
alldifferent 3 20 37 54 71 88 105 122 139 156 173 190 207 224 225 242 0
alldifferent 4 21 38 55 72 89 106 123 140 157 174 191 208 209 226 243 0
alldifferent 5 22 39 56 73 90 107 124 141 158 175 192 193 210 227 244 0
alldifferent 6 23 40 57 74 91 108 125 142 159 176 177 194 211 228 245 0
alldifferent 7 24 41 58 75 92 109 126 143 160 161 178 195 212 229 246 0
alldifferent 8 25 42 59 76 93 110 127 144 145 162 179 196 213 230 247 0
alldifferent 9 26 43 60 77 94 111 128 129 146 163 180 197 214 231 248 0
alldifferent 10 27 44 61 78 95 112 113 130 147 164 181 198 215 232 249 0
alldifferent 11 28 45 62 79 96 97 114 131 148 165 182 199 216 233 250 0
alldifferent 12 29 46 63 80 81 98 115 132 149 166 183 200 217 234 251 0
alldifferent 13 30 47 64 65 82 99 116 133 150 167 184 201 218 235 252 0
alldifferent 14 31 48 49 66 83 100 117 134 151 168 185 202 219 236 253 0
alldifferent 15 32 33 50 67 84 101 118 135 152 169 186 203 220 237 254 0
alldifferent 16 17 34 51 68 85 102 119 136 153 170 187 204 221 238 255 0
alldifferent 1 32 47 62 77 92 107 122 137 152 167 182 197 212 227 242 0
alldifferent 2 17 48 63 78 93 108 123 138 153 168 183 198 213 228 243 0
alldifferent 3 18 33 64 79 94 109 124 139 154 169 184 199 214 229 244 0
alldifferent 4 19 34 49 80 95 110 125 140 155 170 185 200 215 230 245 0
alldifferent 5 20 35 50 65 96 111 126 141 156 171 186 201 216 231 246 0
alldifferent 6 21 36 51 66 81 112 127 142 157 172 187 202 217 232 247 0
alldifferent 7 22 37 52 67 82 97 128 143 158 173 188 203 218 233 248 0
alldifferent 8 23 38 53 68 83 98 113 144 159 174 189 204 219 234 249 0
alldifferent 9 24 39 54 69 84 99 114 129 160 175 190 205 220 235 250 0
alldifferent 10 25 40 55 70 85 100 115 130 145 176 191 206 221 236 251 0
alldifferent 11 26 41 56 71 86 101 116 131 146 161 192 207 222 237 252 0
alldifferent 12 27 42 57 72 87 102 117 132 147 162 177 208 223 238 253 0
alldifferent 13 28 43 58 73 88 103 118 133 148 163 178 193 224 239 254 0
alldifferent 14 29 44 59 74 89 104 119 134 149 164 179 194 209 240 255 0
alldifferent 15 30 45 60 75 90 105 120 135 150 165 180 195 210 225 256 0
alldifferent 16 31 46 61 76 91 106 121 136 151 166 181 196 211 226 241 0
# --- Constraints End ---
