# pan-Latin square problem (n=14)
domain 14
alldifferent 1 2 3 4 5 6 7 8 9 10 11 12 13 14 0
alldifferent 15 16 17 18 19 20 21 22 23 24 25 26 27 28 0
alldifferent 29 30 31 32 33 34 35 36 37 38 39 40 41 42 0
alldifferent 43 44 45 46 47 48 49 50 51 52 53 54 55 56 0
alldifferent 57 58 59 60 61 62 63 64 65 66 67 68 69 70 0
alldifferent 71 72 73 74 75 76 77 78 79 80 81 82 83 84 0
alldifferent 85 86 87 88 89 90 91 92 93 94 95 96 97 98 0
alldifferent 99 100 101 102 103 104 105 106 107 108 109 110 111 112 0
alldifferent 113 114 115 116 117 118 119 120 121 122 123 124 125 126 0
alldifferent 127 128 129 130 131 132 133 134 135 136 137 138 139 140 0
alldifferent 141 142 143 144 145 146 147 148 149 150 151 152 153 154 0
alldifferent 155 156 157 158 159 160 161 162 163 164 165 166 167 168 0
alldifferent 169 170 171 172 173 174 175 176 177 178 179 180 181 182 0
alldifferent 183 184 185 186 187 188 189 190 191 192 193 194 195 196 0
alldifferent 1 15 29 43 57 71 85 99 113 127 141 155 169 183 0
alldifferent 2 16 30 44 58 72 86 100 114 128 142 156 170 184 0
alldifferent 3 17 31 45 59 73 87 101 115 129 143 157 171 185 0
alldifferent 4 18 32 46 60 74 88 102 116 130 144 158 172 186 0
alldifferent 5 19 33 47 61 75 89 103 117 131 145 159 173 187 0
alldifferent 6 20 34 48 62 76 90 104 118 132 146 160 174 188 0
alldifferent 7 21 35 49 63 77 91 105 119 133 147 161 175 189 0
alldifferent 8 22 36 50 64 78 92 106 120 134 148 162 176 190 0
alldifferent 9 23 37 51 65 79 93 107 121 135 149 163 177 191 0
alldifferent 10 24 38 52 66 80 94 108 122 136 150 164 178 192 0
alldifferent 11 25 39 53 67 81 95 109 123 137 151 165 179 193 0
alldifferent 12 26 40 54 68 82 96 110 124 138 152 166 180 194 0
alldifferent 13 27 41 55 69 83 97 111 125 139 153 167 181 195 0
alldifferent 14 28 42 56 70 84 98 112 126 140 154 168 182 196 0
alldifferent 1 16 31 46 61 76 91 106 121 136 151 166 181 196 0
alldifferent 2 17 32 47 62 77 92 107 122 137 152 167 182 183 0
alldifferent 3 18 33 48 63 78 93 108 123 138 153 168 169 184 0
alldifferent 4 19 34 49 64 79 94 109 124 139 154 155 170 185 0
alldifferent 5 20 35 50 65 80 95 110 125 140 141 156 171 186 0
alldifferent 6 21 36 51 66 81 96 111 126 127 142 157 172 187 0
alldifferent 7 22 37 52 67 82 97 112 113 128 143 158 173 188 0
alldifferent 8 23 38 53 68 83 98 99 114 129 144 159 174 189 0
alldifferent 9 24 39 54 69 84 85 100 115 130 145 160 175 190 0
alldifferent 10 25 40 55 70 71 86 101 116 131 146 161 176 191 0
alldifferent 11 26 41 56 57 72 87 102 117 132 147 162 177 192 0
alldifferent 12 27 42 43 58 73 88 103 118 133 148 163 178 193 0
alldifferent 13 28 29 44 59 74 89 104 119 134 149 164 179 194 0
alldifferent 14 15 30 45 60 75 90 105 120 135 150 165 180 195 0
alldifferent 1 28 41 54 67 80 93 106 119 132 145 158 171 184 0
alldifferent 2 15 42 55 68 81 94 107 120 133 146 159 172 185 0
alldifferent 3 16 29 56 69 82 95 108 121 134 147 160 173 186 0
alldifferent 4 17 30 43 70 83 96 109 122 135 148 161 174 187 0
alldifferent 5 18 31 44 57 84 97 110 123 136 149 162 175 188 0
alldifferent 6 19 32 45 58 71 98 111 124 137 150 163 176 189 0
alldifferent 7 20 33 46 59 72 85 112 125 138 151 164 177 190 0
alldifferent 8 21 34 47 60 73 86 99 126 139 152 165 178 191 0
alldifferent 9 22 35 48 61 74 87 100 113 140 153 166 179 192 0
alldifferent 10 23 36 49 62 75 88 101 114 127 154 167 180 193 0
alldifferent 11 24 37 50 63 76 89 102 115 128 141 168 181 194 0
alldifferent 12 25 38 51 64 77 90 103 116 129 142 155 182 195 0
alldifferent 13 26 39 52 65 78 91 104 117 130 143 156 169 196 0
alldifferent 14 27 40 53 66 79 92 105 118 131 144 157 170 183 0
# --- Constraints End ---
