# pan-Latin square problem (n=13)
domain 13
alldifferent 1 2 3 4 5 6 7 8 9 10 11 12 13 0
alldifferent 14 15 16 17 18 19 20 21 22 23 24 25 26 0
alldifferent 27 28 29 30 31 32 33 34 35 36 37 38 39 0
alldifferent 40 41 42 43 44 45 46 47 48 49 50 51 52 0
alldifferent 53 54 55 56 57 58 59 60 61 62 63 64 65 0
alldifferent 66 67 68 69 70 71 72 73 74 75 76 77 78 0
alldifferent 79 80 81 82 83 84 85 86 87 88 89 90 91 0
alldifferent 92 93 94 95 96 97 98 99 100 101 102 103 104 0
alldifferent 105 106 107 108 109 110 111 112 113 114 115 116 117 0
alldifferent 118 119 120 121 122 123 124 125 126 127 128 129 130 0
alldifferent 131 132 133 134 135 136 137 138 139 140 141 142 143 0
alldifferent 144 145 146 147 148 149 150 151 152 153 154 155 156 0
alldifferent 157 158 159 160 161 162 163 164 165 166 167 168 169 0
alldifferent 1 14 27 40 53 66 79 92 105 118 131 144 157 0
alldifferent 2 15 28 41 54 67 80 93 106 119 132 145 158 0
alldifferent 3 16 29 42 55 68 81 94 107 120 133 146 159 0
alldifferent 4 17 30 43 56 69 82 95 108 121 134 147 160 0
alldifferent 5 18 31 44 57 70 83 96 109 122 135 148 161 0
alldifferent 6 19 32 45 58 71 84 97 110 123 136 149 162 0
alldifferent 7 20 33 46 59 72 85 98 111 124 137 150 163 0
alldifferent 8 21 34 47 60 73 86 99 112 125 138 151 164 0
alldifferent 9 22 35 48 61 74 87 100 113 126 139 152 165 0
alldifferent 10 23 36 49 62 75 88 101 114 127 140 153 166 0
alldifferent 11 24 37 50 63 76 89 102 115 128 141 154 167 0
alldifferent 12 25 38 51 64 77 90 103 116 129 142 155 168 0
alldifferent 13 26 39 52 65 78 91 104 117 130 143 156 169 0
alldifferent 1 15 29 43 57 71 85 99 113 127 141 155 169 0
alldifferent 2 16 30 44 58 72 86 100 114 128 142 156 157 0
alldifferent 3 17 31 45 59 73 87 101 115 129 143 144 158 0
alldifferent 4 18 32 46 60 74 88 102 116 130 131 145 159 0
alldifferent 5 19 33 47 61 75 89 103 117 118 132 146 160 0
alldifferent 6 20 34 48 62 76 90 104 105 119 133 147 161 0
alldifferent 7 21 35 49 63 77 91 92 106 120 134 148 162 0
alldifferent 8 22 36 50 64 78 79 93 107 121 135 149 163 0
alldifferent 9 23 37 51 65 66 80 94 108 122 136 150 164 0
alldifferent 10 24 38 52 53 67 81 95 109 123 137 151 165 0
alldifferent 11 25 39 40 54 68 82 96 110 124 138 152 166 0
alldifferent 12 26 27 41 55 69 83 97 111 125 139 153 167 0
alldifferent 13 14 28 42 56 70 84 98 112 126 140 154 168 0
alldifferent 1 26 38 50 62 74 86 98 110 122 134 146 158 0
alldifferent 2 14 39 51 63 75 87 99 111 123 135 147 159 0
alldifferent 3 15 27 52 64 76 88 100 112 124 136 148 160 0
alldifferent 4 16 28 40 65 77 89 101 113 125 137 149 161 0
alldifferent 5 17 29 41 53 78 90 102 114 126 138 150 162 0
alldifferent 6 18 30 42 54 66 91 103 115 127 139 151 163 0
alldifferent 7 19 31 43 55 67 79 104 116 128 140 152 164 0
alldifferent 8 20 32 44 56 68 80 92 117 129 141 153 165 0
alldifferent 9 21 33 45 57 69 81 93 105 130 142 154 166 0
alldifferent 10 22 34 46 58 70 82 94 106 118 143 155 167 0
alldifferent 11 23 35 47 59 71 83 95 107 119 131 156 168 0
alldifferent 12 24 36 48 60 72 84 96 108 120 132 144 169 0
alldifferent 13 25 37 49 61 73 85 97 109 121 133 145 157 0
# --- Constraints End ---
