# pan-Latin square problem (n=17)
domain 17
alldifferent 1 2 3 4 5 6 7 8 9 10 11 12 13 14 15 16 17 0
alldifferent 18 19 20 21 22 23 24 25 26 27 28 29 30 31 32 33 34 0
alldifferent 35 36 37 38 39 40 41 42 43 44 45 46 47 48 49 50 51 0
alldifferent 52 53 54 55 56 57 58 59 60 61 62 63 64 65 66 67 68 0
alldifferent 69 70 71 72 73 74 75 76 77 78 79 80 81 82 83 84 85 0
alldifferent 86 87 88 89 90 91 92 93 94 95 96 97 98 99 100 101 102 0
alldifferent 103 104 105 106 107 108 109 110 111 112 113 114 115 116 117 118 119 0
alldifferent 120 121 122 123 124 125 126 127 128 129 130 131 132 133 134 135 136 0
alldifferent 137 138 139 140 141 142 143 144 145 146 147 148 149 150 151 152 153 0
alldifferent 154 155 156 157 158 159 160 161 162 163 164 165 166 167 168 169 170 0
alldifferent 171 172 173 174 175 176 177 178 179 180 181 182 183 184 185 186 187 0
alldifferent 188 189 190 191 192 193 194 195 196 197 198 199 200 201 202 203 204 0
alldifferent 205 206 207 208 209 210 211 212 213 214 215 216 217 218 219 220 221 0
alldifferent 222 223 224 225 226 227 228 229 230 231 232 233 234 235 236 237 238 0
alldifferent 239 240 241 242 243 244 245 246 247 248 249 250 251 252 253 254 255 0
alldifferent 256 257 258 259 260 261 262 263 264 265 266 267 268 269 270 271 272 0
alldifferent 273 274 275 276 277 278 279 280 281 282 283 284 285 286 287 288 289 0
alldifferent 1 18 35 52 69 86 103 120 137 154 171 188 205 222 239 256 273 0
alldifferent 2 19 36 53 70 87 104 121 138 155 172 189 206 223 240 257 274 0
alldifferent 3 20 37 54 71 88 105 122 139 156 173 190 207 224 241 258 275 0
alldifferent 4 21 38 55 72 89 106 123 140 157 174 191 208 225 242 259 276 0
alldifferent 5 22 39 56 73 90 107 124 141 158 175 192 209 226 243 260 277 0
alldifferent 6 23 40 57 74 91 108 125 142 159 176 193 210 227 244 261 278 0
alldifferent 7 24 41 58 75 92 109 126 143 160 177 194 211 228 245 262 279 0
alldifferent 8 25 42 59 76 93 110 127 144 161 178 195 212 229 246 263 280 0
alldifferent 9 26 43 60 77 94 111 128 145 162 179 196 213 230 247 264 281 0
alldifferent 10 27 44 61 78 95 112 129 146 163 180 197 214 231 248 265 282 0
alldifferent 11 28 45 62 79 96 113 130 147 164 181 198 215 232 249 266 283 0
alldifferent 12 29 46 63 80 97 114 131 148 165 182 199 216 233 250 267 284 0
alldifferent 13 30 47 64 81 98 115 132 149 166 183 200 217 234 251 268 285 0
alldifferent 14 31 48 65 82 99 116 133 150 167 184 201 218 235 252 269 286 0
alldifferent 15 32 49 66 83 100 117 134 151 168 185 202 219 236 253 270 287 0
alldifferent 16 33 50 67 84 101 118 135 152 169 186 203 220 237 254 271 288 0
alldifferent 17 34 51 68 85 102 119 136 153 170 187 204 221 238 255 272 289 0
alldifferent 1 19 37 55 73 91 109 127 145 163 181 199 217 235 253 271 289 0
alldifferent 2 20 38 56 74 92 110 128 146 164 182 200 218 236 254 272 273 0
alldifferent 3 21 39 57 75 93 111 129 147 165 183 201 219 237 255 256 274 0
alldifferent 4 22 40 58 76 94 112 130 148 166 184 202 220 238 239 257 275 0
alldifferent 5 23 41 59 77 95 113 131 149 167 185 203 221 222 240 258 276 0
alldifferent 6 24 42 60 78 96 114 132 150 168 186 204 205 223 241 259 277 0
alldifferent 7 25 43 61 79 97 115 133 151 169 187 188 206 224 242 260 278 0
alldifferent 8 26 44 62 80 98 116 134 152 170 171 189 207 225 243 261 279 0
alldifferent 9 27 45 63 81 99 117 135 153 154 172 190 208 226 244 262 280 0
alldifferent 10 28 46 64 82 100 118 136 137 155 173 191 209 227 245 263 281 0
alldifferent 11 29 47 65 83 101 119 120 138 156 174 192 210 228 246 264 282 0
alldifferent 12 30 48 66 84 102 103 121 139 157 175 193 211 229 247 265 283 0
alldifferent 13 31 49 67 85 86 104 122 140 158 176 194 212 230 248 266 284 0
alldifferent 14 32 50 68 69 87 105 123 141 159 177 195 213 231 249 267 285 0
alldifferent 15 33 51 52 70 88 106 124 142 160 178 196 214 232 250 268 286 0
alldifferent 16 34 35 53 71 89 107 125 143 161 179 197 215 233 251 269 287 0
alldifferent 17 18 36 54 72 90 108 126 144 162 180 198 216 234 252 270 288 0
alldifferent 1 34 50 66 82 98 114 130 146 162 178 194 210 226 242 258 274 0
alldifferent 2 18 51 67 83 99 115 131 147 163 179 195 211 227 243 259 275 0
alldifferent 3 19 35 68 84 100 116 132 148 164 180 196 212 228 244 260 276 0
alldifferent 4 20 36 52 85 101 117 133 149 165 181 197 213 229 245 261 277 0
alldifferent 5 21 37 53 69 102 118 134 150 166 182 198 214 230 246 262 278 0
alldifferent 6 22 38 54 70 86 119 135 151 167 183 199 215 231 247 263 279 0
alldifferent 7 23 39 55 71 87 103 136 152 168 184 200 216 232 248 264 280 0
alldifferent 8 24 40 56 72 88 104 120 153 169 185 201 217 233 249 265 281 0
alldifferent 9 25 41 57 73 89 105 121 137 170 186 202 218 234 250 266 282 0
alldifferent 10 26 42 58 74 90 106 122 138 154 187 203 219 235 251 267 283 0
alldifferent 11 27 43 59 75 91 107 123 139 155 171 204 220 236 252 268 284 0
alldifferent 12 28 44 60 76 92 108 124 140 156 172 188 221 237 253 269 285 0
alldifferent 13 29 45 61 77 93 109 125 141 157 173 189 205 238 254 270 286 0
alldifferent 14 30 46 62 78 94 110 126 142 158 174 190 206 222 255 271 287 0
alldifferent 15 31 47 63 79 95 111 127 143 159 175 191 207 223 239 272 288 0
alldifferent 16 32 48 64 80 96 112 128 144 160 176 192 208 224 240 256 289 0
alldifferent 17 33 49 65 81 97 113 129 145 161 177 193 209 225 241 257 273 0
# --- Constraints End ---
